VS_RtGnSp=121.6805
VS_RtPwr=5296610.0
VS_CtInSp=70.16224
VS_Rgn2Sp=91.21091
VS_Rgn2K=2.2332287
VS_MaxTq=47402.91
VS_SlPc=10.0